{
    "fiducials": [
        {
            "family": "apriltag3_36h11_classic",
            "id": 1,
            "size": 165.1,
            "transform": [
                -0.5877852522924729,
                -0.8090169943749472,
                0.0,
                7.923198000000001,
                0.8090169943749472,
                -0.5877852522924729,
                0.0,
                -3.3706799999999997,
                0.0,
                0.0,
                1.0,
                1.4859,
                0.0,
                0.0,
                0.0,
                1.0
            ],
            "unique": true
        },
        {
            "family": "apriltag3_36h11_classic",
            "id": 2,
            "size": 165.1,
            "transform": [
                -0.6189205460869942,
                0.7838353519505735,
                -0.05039343869887329,
                7.941982794165812,
                -0.7840085657566854,
                -0.6203990719353527,
                -0.02087008293941016,
                1.7992586125867147,
                -0.04762275140646231,
                0.026591964468110497,
                0.998511362466249,
                1.5343703157945703,
                0.0,
                0.0,
                0.0,
                1.0
            ],
            "unique": true
        },
        {
            "family": "apriltag3_36h11_classic",
            "id": 3,
            "size": 165.1,
            "transform": [
                -2.220446049250313e-16,
                1.0,
                -0.0,
                2.786809999999999,
                -1.0,
                -2.220446049250313e-16,
                0.0,
                4.02961,
                0.0,
                0.0,
                1.0,
                1.30175,
                0.0,
                0.0,
                0.0,
                1.0
            ],
            "unique": true
        },
        {
            "family": "apriltag3_36h11_classic",
            "id": 4,
            "size": 165.1,
            "transform": [
                0.8660254037844387,
                0.0,
                0.49999999999999994,
                0.5020799999999994,
                0.0,
                1.0,
                0.0,
                2.111656,
                -0.49999999999999994,
                0.0,
                0.8660254037844387,
                1.8679160000000001,
                0.0,
                0.0,
                0.0,
                1.0
            ],
            "unique": true
        },
        {
            "family": "apriltag3_36h11_classic",
            "id": 5,
            "size": 165.1,
            "transform": [
                0.8660254037844387,
                0.0,
                0.49999999999999994,
                0.5020799999999994,
                0.0,
                1.0,
                0.0,
                -2.1110939999999996,
                -0.49999999999999994,
                0.0,
                0.8660254037844387,
                1.8679160000000001,
                0.0,
                0.0,
                0.0,
                1.0
            ],
            "unique": true
        },
        {
            "family": "apriltag3_36h11_classic",
            "id": 6,
            "size": 165.1,
            "transform": [
                0.466453128064095,
                0.8844875389033697,
                -0.010162324728160484,
                4.708669014408358,
                -0.884533534672783,
                0.46635502458766076,
                -0.010649745589201618,
                -0.7433458610606278,
                -0.0046803160676708875,
                0.013956524155462316,
                0.9998916491675509,
                0.2866096253837853,
                0.0,
                0.0,
                0.0,
                1.0
            ],
            "unique": true
        },
        {
            "family": "apriltag3_36h11_classic",
            "id": 7,
            "size": 165.1,
            "transform": [
                0.9988221030340048,
                0.04628622336799242,
                -0.014559945640564741,
                5.166400572165275,
                -0.04635544760901935,
                0.9989150820036815,
                -0.0044532485384988375,
                -0.02704311537575954,
                0.01433802523694773,
                0.005122935867887885,
                0.9998840815616569,
                0.3026647723675393,
                0.0,
                0.0,
                0.0,
                1.0
            ],
            "unique": true
        },
        {
            "family": "apriltag3_36h11_classic",
            "id": 8,
            "size": 165.1,
            "transform": [
                0.5347494982469201,
                -0.8449347333545688,
                -0.011325656524491579,
                4.782051651805212,
                0.8450006192367553,
                0.5347603853868685,
                0.002298632286356978,
                0.712385171821313,
                0.004114318189843182,
                -0.010799379238241747,
                0.999933220667211,
                0.2942440341059944,
                0.0,
                0.0,
                0.0,
                1.0
            ],
            "unique": true
        },
        {
            "family": "apriltag3_36h11_classic",
            "id": 9,
            "size": 165.1,
            "transform": [
                -0.4631001052960584,
                -0.8857919509299725,
                -0.03018132108525904,
                3.9549749550871613,
                0.8862834126651906,
                -0.46306274789069257,
                -0.008637357840394084,
                0.745841171813578,
                -0.006324943424388397,
                -0.03074916557555351,
                0.9995071204884363,
                0.27289854751282694,
                0.0,
                0.0,
                0.0,
                1.0
            ],
            "unique": true
        },
        {
            "family": "apriltag3_36h11_classic",
            "id": 10,
            "size": 165.1,
            "transform": [
                -0.9988080600442986,
                -0.04751817727576511,
                -0.011157151022225342,
                3.503412647675985,
                0.04755301678913252,
                -0.9988645686022029,
                -0.0028782260832830356,
                0.023802843242607175,
                -0.011007714785379574,
                -0.0034053516004915988,
                0.999933614694336,
                0.2645176748653373,
                0.0,
                0.0,
                0.0,
                1.0
            ],
            "unique": true
        },
        {
            "family": "apriltag3_36h11_classic",
            "id": 11,
            "size": 165.1,
            "transform": [
                -0.5261402154607602,
                0.8503925677656765,
                -0.002992384300857321,
                3.8680236104735,
                -0.8503900333382108,
                -0.5261472031553298,
                -0.0024314215719408888,
                -0.729556052214472,
                -0.0036420974645456666,
                0.0012654251156298765,
                0.9999925668850421,
                0.2769222229188273,
                0.0,
                0.0,
                0.0,
                1.0
            ],
            "unique": true
        },
        {
            "family": "apriltag3_36h11_classic",
            "id": 12,
            "size": 165.1,
            "transform": [
                0.5877852522924731,
                -0.8090169943749473,
                0.0,
                -7.922845999999999,
                0.8090169943749473,
                0.5877852522924731,
                0.0,
                -3.3706799999999997,
                0.0,
                0.0,
                1.0,
                1.4859,
                0.0,
                0.0,
                0.0,
                1.0
            ],
            "unique": true
        },
        {
            "family": "apriltag3_36h11_classic",
            "id": 13,
            "size": 165.1,
            "transform": [
                0.587785252292473,
                0.8090169943749475,
                -0.0,
                -7.922845999999999,
                -0.8090169943749475,
                0.587785252292473,
                0.0,
                3.3704799999999997,
                0.0,
                0.0,
                1.0,
                1.4859,
                0.0,
                0.0,
                0.0,
                1.0
            ],
            "unique": true
        },
        {
            "family": "apriltag3_36h11_classic",
            "id": 14,
            "size": 165.1,
            "transform": [
                -0.8660254037844388,
                -1.2246467991473532e-16,
                -0.49999999999999994,
                -0.501728,
                1.0605752387249069e-16,
                -1.0,
                6.123233995736766e-17,
                2.111656,
                -0.49999999999999994,
                0.0,
                0.8660254037844387,
                1.8679160000000001,
                0.0,
                0.0,
                0.0,
                1.0
            ],
            "unique": true
        },
        {
            "family": "apriltag3_36h11_classic",
            "id": 15,
            "size": 165.1,
            "transform": [
                -0.8660254037844388,
                -1.2246467991473532e-16,
                -0.49999999999999994,
                -0.501728,
                1.0605752387249069e-16,
                -1.0,
                6.123233995736766e-17,
                -2.1110939999999996,
                -0.49999999999999994,
                0.0,
                0.8660254037844387,
                1.8679160000000001,
                0.0,
                0.0,
                0.0,
                1.0
            ],
            "unique": true
        },
        {
            "family": "apriltag3_36h11_classic",
            "id": 16,
            "size": 165.1,
            "transform": [
                -2.220446049250313e-16,
                -1.0000000000000002,
                0.0,
                -2.7864579999999997,
                1.0000000000000002,
                -2.220446049250313e-16,
                0.0,
                -4.0298099999999994,
                0.0,
                0.0,
                1.0,
                1.30175,
                0.0,
                0.0,
                0.0,
                1.0
            ],
            "unique": true
        },
        {
            "family": "apriltag3_36h11_classic",
            "id": 17,
            "size": 165.1,
            "transform": [
                -0.5000000000000002,
                0.8660254037844384,
                -0.0,
                -4.700094,
                -0.8660254037844384,
                -0.5000000000000002,
                0.0,
                -0.7196820000000002,
                0.0,
                0.0,
                1.0,
                0.308102,
                0.0,
                0.0,
                0.0,
                1.0
            ],
            "unique": true
        },
        {
            "family": "apriltag3_36h11_classic",
            "id": 18,
            "size": 165.1,
            "transform": [
                -1.0,
                -1.2246467991473532e-16,
                0.0,
                -5.116399999999999,
                1.2246467991473532e-16,
                -1.0,
                0.0,
                -9.999999999976694e-05,
                0.0,
                0.0,
                1.0,
                0.308102,
                0.0,
                0.0,
                0.0,
                1.0
            ],
            "unique": true
        },
        {
            "family": "apriltag3_36h11_classic",
            "id": 19,
            "size": 165.1,
            "transform": [
                -0.4999999999999998,
                -0.8660254037844388,
                0.0,
                -4.700094,
                0.8660254037844388,
                -0.4999999999999998,
                0.0,
                0.7194820000000002,
                0.0,
                0.0,
                1.0,
                0.308102,
                0.0,
                0.0,
                0.0,
                1.0
            ],
            "unique": true
        },
        {
            "family": "apriltag3_36h11_classic",
            "id": 20,
            "size": 165.1,
            "transform": [
                0.5000000000000001,
                -0.8660254037844386,
                0.0,
                -3.8692599999999997,
                0.8660254037844386,
                0.5000000000000001,
                0.0,
                0.7194820000000002,
                0.0,
                0.0,
                1.0,
                0.308102,
                0.0,
                0.0,
                0.0,
                1.0
            ],
            "unique": true
        },
        {
            "family": "apriltag3_36h11_classic",
            "id": 21,
            "size": 165.1,
            "transform": [
                1.0,
                0.0,
                0.0,
                -3.452953999999999,
                0.0,
                1.0,
                0.0,
                -9.999999999976694e-05,
                0.0,
                0.0,
                1.0,
                0.308102,
                0.0,
                0.0,
                0.0,
                1.0
            ],
            "unique": true
        },
        {
            "family": "apriltag3_36h11_classic",
            "id": 22,
            "size": 165.1,
            "transform": [
                0.5000000000000001,
                0.8660254037844386,
                -0.0,
                -3.8692599999999997,
                -0.8660254037844386,
                0.5000000000000001,
                0.0,
                -0.7196820000000002,
                0.0,
                0.0,
                1.0,
                0.308102,
                0.0,
                0.0,
                0.0,
                1.0
            ],
            "unique": true
        },
        {
            "family": "apriltag3_36h11_classic",
            "id": 23,
            "size": 165.1,
            "transform": [
                -0.3230653621043942,
                -0.646941635301912,
                -0.6907208497803174,
                23.06942478190534,
                -0.728159298136926,
                0.636117375632091,
                -0.2552228848588627,
                -7.474489744062234,
                0.6044938447536876,
                0.42050113547032053,
                -0.6765840573964739,
                -13.661926616436666,
                0.0,
                0.0,
                0.0,
                1.0
            ],
            "unique": true
        }
    ],
    "type": "frc"
}